0 0.516804 0.259884 0.109209 0.125232
0 0.697548 0.382947 0.125537 0.163239
0 0.118602 0.344634 0.114046 0.146670
0 0.350041 0.488870 0.129622 0.178309
0 0.263734 0.407173 0.123503 0.201254
0 0.880427 0.933819 0.129003 0.121015
0 0.034968 0.414624 0.069554 0.215890
1 0.125850 0.571116 0.055115 0.151424
0 0.060647 0.181318 0.099569 0.100551
0 0.124117 0.157004 0.078771 0.110078
3 0.242890 0.218008 0.114324 0.165925
0 0.242431 0.217365 0.114559 0.166499
3 0.566663 0.765073 0.503845 0.446519
0 0.099292 0.785840 0.197791 0.403658
2 0.569519 0.765705 0.507209 0.446663
