0 0.833304 0.918625 0.204479 0.154731
0 0.571514 0.350151 0.120235 0.152768
0 0.930621 0.488557 0.138690 0.193040
0 0.774408 0.432497 0.132818 0.167394
0 0.318386 0.434672 0.105447 0.171671
0 0.531795 0.617736 0.157699 0.213096
0 0.099559 0.777591 0.199118 0.418026
3 0.411153 0.232381 0.137961 0.246937
0 0.695153 0.783250 0.192943 0.300974
0 0.940785 0.354030 0.117963 0.114765
0 0.255409 0.709853 0.128636 0.213771
3 0.321417 0.783241 0.192497 0.337088
2 0.150283 0.359491 0.238964 0.597732
3 0.150758 0.360637 0.238129 0.600248
0 0.233497 0.711871 0.083862 0.210858
0 0.321306 0.783524 0.192808 0.339504
