0 0.118062 0.338044 0.112189 0.138115
0 0.446499 0.241528 0.101245 0.127333
0 0.349825 0.270464 0.109178 0.140171
0 0.660335 0.747549 0.164722 0.243361
0 0.592340 0.355702 0.113215 0.152202
0 0.792152 0.328427 0.118022 0.150787
0 0.810550 0.881269 0.208698 0.222061
0 0.943629 0.511126 0.111744 0.184534
0 0.137166 0.536067 0.134108 0.183289
0 0.139749 0.204466 0.094246 0.097700
0 0.099137 0.785757 0.197323 0.405574
0 0.241382 0.236599 0.112345 0.140871
3 0.362219 0.659828 0.337032 0.650970
0 0.288476 0.197671 0.083657 0.111334
0 0.541143 0.633338 0.060899 0.222898
