0 0.285585 0.742520 0.153506 0.240470
0 0.189750 0.589691 0.129722 0.195134
0 0.881360 0.464092 0.138057 0.192831
0 0.393358 0.264041 0.112944 0.152968
0 0.672050 0.376790 0.128732 0.167882
0 0.411569 0.524480 0.139787 0.181611
0 0.277985 0.451241 0.119555 0.169771
0 0.050537 0.324493 0.100935 0.140334
0 0.100600 0.784782 0.200120 0.406970
3 0.716246 0.783589 0.204277 0.353052
2 0.133920 0.450548 0.168077 0.335773
2 0.337825 0.157771 0.185952 0.234133
3 0.337384 0.157898 0.184775 0.236512
0 0.254777 0.379893 0.078598 0.091907
3 0.134562 0.449117 0.166440 0.337076
