0 0.766045 0.861910 0.208265 0.264154
0 0.541832 0.662984 0.155074 0.185801
0 0.470148 0.299614 0.112909 0.151648
0 0.070978 0.320485 0.108266 0.142113
0 0.393901 0.853398 0.186277 0.251632
0 0.363575 0.518816 0.136648 0.178037
0 0.072512 0.475132 0.115521 0.169055
0 0.803933 0.353879 0.112366 0.150210
0 0.292526 0.254788 0.103585 0.127104
3 0.190653 0.545563 0.154987 0.255372
0 0.099279 0.781230 0.198008 0.414436
3 0.582800 0.243924 0.129749 0.216476
0 0.261434 0.195016 0.085440 0.120174
3 0.118544 0.170522 0.128894 0.173614
0 0.191468 0.545709 0.155076 0.254441
0 0.581853 0.244094 0.130716 0.216419
