0 0.196566 0.396076 0.112321 0.128564
0 0.760897 0.426274 0.130057 0.173716
0 0.127331 0.519344 0.131717 0.176750
0 0.869804 0.904306 0.193367 0.178447
0 0.327498 0.268274 0.095831 0.124574
0 0.967506 0.511322 0.063967 0.215986
0 0.041166 0.308431 0.081956 0.129759
0 0.099479 0.783260 0.198410 0.409053
0 0.340167 0.481633 0.134202 0.208751
0 0.336008 0.800184 0.190112 0.305790
0 0.151690 0.207737 0.088497 0.099229
3 0.543253 0.295139 0.144988 0.228368
0 0.720870 0.313547 0.108838 0.140758
0 0.349726 0.212913 0.096325 0.121344
0 0.044708 0.184932 0.087838 0.104094
0 0.121653 0.168773 0.077836 0.106852
