0 0.629137 0.712012 0.163018 0.225100
0 0.800337 0.878873 0.211261 0.234021
0 0.291556 0.809549 0.155041 0.252911
0 0.576923 0.349336 0.116487 0.152788
0 0.075737 0.473305 0.120087 0.173051
0 0.298138 0.445195 0.127788 0.171745
0 0.244627 0.659544 0.155315 0.236349
0 0.478070 0.552974 0.140980 0.184343
3 0.185163 0.326299 0.145977 0.264328
2 0.737797 0.216737 0.215038 0.385759
0 0.256297 0.237586 0.089121 0.123975
0 0.981515 0.565090 0.036438 0.195403
0 0.100066 0.783893 0.198987 0.409422
0 0.066168 0.181945 0.091837 0.101563
3 0.256418 0.237330 0.087624 0.120142
0 0.012423 0.395993 0.024774 0.109308
