0 0.255519 0.658450 0.157675 0.247059
0 0.055274 0.424174 0.110343 0.165633
0 0.538833 0.635629 0.154771 0.212355
0 0.192515 0.543910 0.126434 0.185002
0 0.277936 0.249386 0.108280 0.122147
0 0.748845 0.429456 0.136150 0.156114
0 0.099882 0.782664 0.199763 0.406167
0 0.184912 0.391004 0.111059 0.148782
0 0.091321 0.320373 0.106886 0.162290
0 0.354468 0.491004 0.137152 0.143313
0 0.884556 0.922162 0.204863 0.148998
3 0.086602 0.146524 0.102549 0.151360
0 0.355378 0.460826 0.135797 0.198567
0 0.054815 0.183293 0.090181 0.093285
0 0.049689 0.223759 0.099378 0.176069
