0 0.408019 0.530700 0.135167 0.186826
0 0.177808 0.373528 0.116950 0.155472
0 0.589872 0.339705 0.117860 0.149085
0 0.402527 0.228367 0.105053 0.123088
0 0.319473 0.446789 0.130649 0.208339
0 0.060881 0.451821 0.121763 0.231411
0 0.623507 0.640402 0.153186 0.069641
0 0.135895 0.185467 0.111438 0.155279
0 0.099099 0.780731 0.197555 0.415512
1 0.168335 0.619136 0.064845 0.170878
2 0.955045 0.438948 0.088980 0.346424
1 0.166272 0.636156 0.053086 0.138384
0 0.035871 0.139011 0.070974 0.102021
3 0.563250 0.826155 0.601325 0.330352
