0 0.555942 0.627513 0.155871 0.211690
0 0.356930 0.862684 0.182026 0.258362
0 0.115317 0.488297 0.133443 0.169460
0 0.834982 0.456618 0.146268 0.173866
0 0.414833 0.291846 0.110196 0.139097
0 0.727865 0.315226 0.117024 0.141517
0 0.592985 0.348719 0.118956 0.161404
0 0.302651 0.447705 0.134492 0.167793
0 0.280007 0.204350 0.089111 0.116595
0 0.100075 0.785169 0.199005 0.406896
0 0.027047 0.295215 0.053840 0.133749
0 0.567677 0.275079 0.102826 0.137110
3 0.077109 0.127412 0.107664 0.169552
0 0.838674 0.942186 0.193330 0.100364
0 0.526482 0.930483 0.211171 0.130224
