0 0.849659 0.462378 0.143865 0.182815
0 0.120159 0.538291 0.131827 0.196973
0 0.507881 0.639301 0.147739 0.215633
0 0.713879 0.410622 0.126811 0.159095
0 0.141793 0.365307 0.112955 0.147600
0 0.454387 0.891105 0.220612 0.214601
0 0.959375 0.542948 0.080268 0.198779
0 0.396093 0.293424 0.103310 0.136760
0 0.100298 0.784080 0.199723 0.407374
3 0.507992 0.212402 0.129706 0.217441
0 0.333478 0.255410 0.088557 0.124730
0 0.738312 0.320861 0.110186 0.147584
0 0.232820 0.236852 0.087255 0.110773
0 0.048054 0.312208 0.092900 0.130002
0 0.083382 0.156173 0.090841 0.108495
0 0.066525 0.184790 0.086648 0.096145
0 0.012490 0.411064 0.024981 0.113597
