2 0.492663 0.164196 0.188236 0.321389
0 0.229298 0.633802 0.144566 0.212651
0 0.714983 0.772785 0.180130 0.233364
0 0.504420 0.611598 0.155142 0.210151
0 0.381033 0.878596 0.187936 0.239273
0 0.300624 0.251355 0.101354 0.116422
0 0.645971 0.377310 0.118320 0.154804
0 0.890588 0.933163 0.196002 0.119554
0 0.840566 0.437153 0.158585 0.225140
0 0.099736 0.779792 0.199017 0.412654
2 0.097487 0.342597 0.194761 0.492823
3 0.376742 0.446741 0.166772 0.321361
3 0.972539 0.386510 0.054467 0.258838
0 0.972265 0.387174 0.054327 0.255309
