0 0.101853 0.517443 0.123975 0.184075
0 0.652784 0.749595 0.182119 0.258627
0 0.394774 0.852575 0.167079 0.256193
0 0.481009 0.559550 0.164139 0.238343
0 0.100050 0.782810 0.198779 0.404346
0 0.544302 0.315609 0.127218 0.180363
0 0.830710 0.917915 0.197373 0.154939
3 0.366355 0.146332 0.216210 0.283555
0 0.874642 0.472286 0.137166 0.179085
0 0.043534 0.320092 0.085602 0.143567
0 0.368791 0.463653 0.109053 0.185332
3 0.244698 0.586370 0.183593 0.355170
0 0.982376 0.392532 0.034375 0.224517
3 0.982119 0.394533 0.035198 0.227119
