0 0.240310 0.403589 0.119805 0.149603
0 0.599946 0.276888 0.108244 0.136971
0 0.407632 0.290675 0.101651 0.136519
0 0.871531 0.489818 0.139830 0.170874
0 0.262104 0.197614 0.094357 0.120135
0 0.738890 0.409600 0.125824 0.164088
0 0.837809 0.891514 0.192333 0.203599
3 0.945832 0.331343 0.107523 0.292702
0 0.177859 0.216892 0.099345 0.109962
0 0.206230 0.637347 0.101702 0.203455
0 0.099845 0.783810 0.199689 0.405352
0 0.037791 0.285730 0.075278 0.162521
0 0.603796 0.779108 0.237656 0.266405
0 0.991499 0.601398 0.016263 0.167216
0 0.082593 0.180920 0.097002 0.097958
0 0.015052 0.179760 0.030104 0.057463
0 0.014636 0.168264 0.029181 0.083278
