0 0.332263 0.820412 0.165784 0.261135
0 0.227617 0.643216 0.135099 0.197663
0 0.550340 0.331214 0.118623 0.156283
0 0.462660 0.568043 0.149064 0.192181
0 0.746721 0.408071 0.123898 0.176370
0 0.100189 0.784913 0.200185 0.405758
0 0.324648 0.480328 0.129916 0.200337
0 0.283489 0.230101 0.097018 0.138835
0 0.107183 0.352586 0.110424 0.144030
3 0.793245 0.839920 0.222320 0.306957
2 0.175697 0.488907 0.174643 0.350583
3 0.175475 0.489274 0.174906 0.349897
0 0.306939 0.411330 0.091616 0.108624
3 0.286006 0.132132 0.118870 0.204070
