0 0.667050 0.764077 0.181599 0.236882
0 0.657380 0.297623 0.112628 0.141590
0 0.755497 0.423559 0.133455 0.170414
0 0.529188 0.314970 0.116797 0.153045
0 0.959732 0.549090 0.079469 0.197709
0 0.330914 0.507363 0.129357 0.183902
0 0.084416 0.454378 0.124297 0.202883
0 0.095065 0.188972 0.099262 0.103832
0 0.248221 0.236477 0.105451 0.140745
0 0.883335 0.933061 0.219671 0.124438
0 0.442456 0.237208 0.101873 0.121333
0 0.188824 0.365875 0.108194 0.165321
3 0.279627 0.413110 0.146108 0.237436
0 0.098698 0.782654 0.196933 0.407358
