0 0.210300 0.614710 0.147299 0.202607
0 0.296533 0.777573 0.177706 0.252610
0 0.530860 0.651675 0.161335 0.210811
0 0.679326 0.804686 0.185411 0.251238
0 0.209548 0.411062 0.117625 0.157499
0 0.722546 0.417386 0.130980 0.167259
0 0.877225 0.487921 0.140268 0.182919
0 0.358675 0.517479 0.138246 0.171536
0 0.399254 0.289561 0.100514 0.125279
0 0.570451 0.344784 0.117198 0.152935
0 0.265186 0.242977 0.108781 0.117039
0 0.866106 0.370023 0.119119 0.146118
0 0.183415 0.209373 0.097453 0.100693
0 0.099979 0.782981 0.199473 0.406879
0 0.086548 0.191686 0.084078 0.082879
0 0.578307 0.280074 0.112315 0.137694
0 0.446150 0.237381 0.097689 0.123458
0 0.832311 0.909418 0.084326 0.176667
0 0.065470 0.156569 0.089403 0.119203
3 0.445198 0.238435 0.097239 0.123604
