0 0.289374 0.768096 0.177075 0.265980
0 0.338939 0.668174 0.151191 0.211651
0 0.672977 0.751786 0.189627 0.241179
0 0.504144 0.317320 0.116390 0.146523
0 0.404766 0.525497 0.144428 0.186167
0 0.082612 0.503734 0.120091 0.184224
0 0.826517 0.912604 0.214607 0.153253
0 0.713453 0.398629 0.127801 0.162964
0 0.263211 0.422230 0.117021 0.161291
0 0.324411 0.262298 0.107212 0.139164
0 0.099900 0.783331 0.198947 0.408926
0 0.111835 0.336479 0.105097 0.136835
0 0.146137 0.208721 0.098890 0.109458
0 0.362239 0.219142 0.087930 0.125175
0 0.095533 0.154564 0.086746 0.119052
0 0.030253 0.405925 0.060507 0.162945
3 0.095531 0.154277 0.087663 0.118578
