0 0.226432 0.421072 0.112384 0.154520
0 0.748429 0.839737 0.193054 0.284703
0 0.140868 0.531818 0.129950 0.185154
0 0.377459 0.226961 0.098846 0.124572
0 0.043586 0.182744 0.086575 0.105324
0 0.234074 0.238603 0.097127 0.118932
0 0.689542 0.396720 0.125702 0.181683
0 0.847831 0.451185 0.144589 0.204507
0 0.963462 0.400559 0.072185 0.216995
0 0.518281 0.326797 0.109157 0.142497
0 0.691129 0.303946 0.116695 0.131957
0 0.099963 0.783702 0.199476 0.405654
0 0.442347 0.894484 0.184094 0.200645
0 0.522884 0.265159 0.113274 0.122286
0 0.333344 0.879747 0.395265 0.219533
