0 0.601720 0.681451 0.163958 0.216871
0 0.747315 0.883374 0.197481 0.226313
0 0.610581 0.364446 0.111318 0.155571
0 0.471342 0.925038 0.189680 0.146127
0 0.398448 0.292002 0.102282 0.134358
0 0.134306 0.352971 0.116373 0.166388
0 0.021444 0.293558 0.042834 0.108109
0 0.283209 0.252677 0.103485 0.119820
0 0.013425 0.393913 0.026851 0.146334
0 0.201856 0.581162 0.155809 0.241954
0 0.099836 0.780359 0.199671 0.410929
0 0.623711 0.286345 0.108216 0.134727
0 0.150414 0.205912 0.095317 0.107576
0 0.028493 0.176842 0.056986 0.094053
0 0.992002 0.433828 0.015313 0.147213
0 0.186455 0.182222 0.080860 0.124486
0 0.373975 0.224002 0.088879 0.106485
0 0.066341 0.144780 0.082756 0.097137
0 0.845242 0.408943 0.171576 0.277070
3 0.843464 0.409360 0.177307 0.278878
