0 0.623421 0.749390 0.166999 0.199797
0 0.143860 0.361463 0.113263 0.146124
0 0.121925 0.521876 0.128880 0.181926
0 0.708259 0.321636 0.106042 0.142128
0 0.378632 0.269764 0.108615 0.143109
0 0.207516 0.229343 0.098590 0.114767
3 0.249154 0.607050 0.162417 0.273065
0 0.444330 0.907906 0.180717 0.170756
0 0.426644 0.576123 0.145819 0.192893
0 0.099687 0.784002 0.198313 0.408381
3 0.493576 0.222097 0.125446 0.205399
0 0.877676 0.923040 0.210272 0.147847
0 0.177761 0.173052 0.085969 0.108156
3 0.053176 0.150575 0.105795 0.163243
0 0.956299 0.439749 0.086323 0.169589
0 0.957049 0.498327 0.085466 0.287138
