0 0.407466 0.771868 0.165767 0.242534
0 0.590115 0.358807 0.116742 0.152428
0 0.386560 0.279304 0.105142 0.124704
0 0.300271 0.202395 0.098606 0.122990
0 0.260321 0.644185 0.152179 0.251174
0 0.912449 0.487066 0.135099 0.186768
0 0.749749 0.332770 0.117338 0.149874
0 0.147682 0.202831 0.096491 0.122822
0 0.446002 0.541820 0.126925 0.209311
3 0.593931 0.641936 0.205721 0.324562
0 0.917403 0.385551 0.135310 0.147690
0 0.099780 0.782297 0.199091 0.408417
0 0.086842 0.158808 0.083021 0.120852
0 0.004930 0.407421 0.009788 0.098459
