0 0.389890 0.287404 0.111433 0.129197
0 0.783575 0.865660 0.209326 0.256394
0 0.211793 0.593021 0.148978 0.224603
0 0.463522 0.571823 0.146090 0.200945
0 0.139442 0.499757 0.119205 0.175416
0 0.885877 0.492293 0.149681 0.172336
0 0.025275 0.387708 0.050347 0.146014
0 0.100210 0.785067 0.199470 0.406274
0 0.278625 0.415526 0.129791 0.183618
0 0.123031 0.355694 0.107401 0.140925
0 0.154951 0.212308 0.094740 0.110192
0 0.210880 0.168134 0.106188 0.154256
0 0.373426 0.916401 0.185009 0.160090
0 0.037991 0.290264 0.075587 0.162364
0 0.509389 0.948207 0.259232 0.086477
0 0.451623 0.914237 0.342779 0.163079
