0 0.941518 0.516183 0.115968 0.190396
0 0.518590 0.612239 0.153950 0.206308
0 0.724580 0.389405 0.125553 0.179345
0 0.708770 0.809418 0.192446 0.248011
0 0.424442 0.293167 0.112546 0.149682
0 0.255793 0.240304 0.105101 0.123989
0 0.637337 0.288773 0.110549 0.132038
0 0.858135 0.363543 0.124623 0.159312
0 0.244875 0.417506 0.123080 0.162924
0 0.520892 0.932888 0.193823 0.129837
0 0.021810 0.385898 0.043573 0.180853
0 0.052276 0.294295 0.077444 0.127446
0 0.099300 0.781897 0.198568 0.404573
0 0.866637 0.957876 0.177843 0.073173
3 0.147899 0.292512 0.140135 0.290216
0 0.135471 0.217272 0.097345 0.151689
