0 0.635443 0.720560 0.180855 0.231705
0 0.784544 0.434598 0.133253 0.177781
0 0.215715 0.662982 0.137214 0.218307
0 0.326028 0.450749 0.124327 0.164735
0 0.159174 0.361369 0.116693 0.153290
0 0.429437 0.290966 0.109463 0.136474
0 0.476605 0.572147 0.141071 0.193381
0 0.150024 0.542584 0.139065 0.202579
0 0.478894 0.886913 0.181007 0.213361
0 0.228897 0.232338 0.099816 0.121736
2 0.899198 0.266893 0.200215 0.418823
0 0.414053 0.958534 0.172535 0.076953
0 0.100240 0.783276 0.200430 0.405827
0 0.061295 0.264977 0.122425 0.246359
0 0.013281 0.392621 0.026539 0.156425
3 0.061497 0.264438 0.122993 0.242876
0 0.103927 0.155728 0.084204 0.107174
