0 0.885458 0.371923 0.129015 0.155371
0 0.211231 0.228711 0.102402 0.116001
0 0.358486 0.268426 0.107433 0.132324
0 0.971787 0.534392 0.055916 0.192244
0 0.788528 0.884809 0.181595 0.219828
0 0.582834 0.298935 0.135495 0.151595
0 0.099489 0.783439 0.197940 0.408014
0 0.394709 0.220244 0.087249 0.126510
0 0.010896 0.416277 0.021777 0.186558
0 0.044048 0.200033 0.088096 0.142498
3 0.168502 0.376511 0.114866 0.152626
3 0.475324 0.644423 0.405847 0.690365
0 0.098414 0.325649 0.102197 0.166678
0 0.168188 0.376912 0.114102 0.149289
