0 0.716088 0.800450 0.194015 0.252510
0 0.551415 0.635505 0.152839 0.204797
0 0.254574 0.732101 0.147501 0.236755
0 0.677112 0.389623 0.125658 0.163499
2 0.825377 0.242649 0.224537 0.403645
0 0.198297 0.597409 0.146140 0.216168
0 0.338639 0.263865 0.105576 0.125715
0 0.228842 0.403571 0.120300 0.159672
0 0.040622 0.429423 0.081016 0.168900
3 0.123196 0.295973 0.133873 0.249501
0 0.401962 0.500657 0.131228 0.172571
0 0.514889 0.939778 0.181066 0.113296
0 0.100027 0.781876 0.200007 0.407501
0 0.031205 0.141113 0.062383 0.107303
0 0.148868 0.208409 0.093531 0.119504
