0 0.193844 0.387133 0.121070 0.141756
0 0.908769 0.485606 0.144261 0.181353
0 0.688317 0.398332 0.124830 0.165780
0 0.675342 0.752759 0.165245 0.258262
0 0.048620 0.306131 0.094776 0.137678
0 0.387744 0.285800 0.107328 0.122760
0 0.367129 0.478863 0.124317 0.098859
0 0.099908 0.782975 0.199815 0.406721
0 0.210631 0.542591 0.135697 0.224329
0 0.233283 0.234120 0.094377 0.115803
0 0.104082 0.188968 0.097289 0.119729
3 0.419839 0.753084 0.361600 0.476696
0 0.235294 0.697056 0.084232 0.238306
0 0.396158 0.660661 0.404494 0.310102
3 0.423866 0.820573 0.356068 0.340614
