0 0.433978 0.525736 0.143244 0.179875
0 0.558021 0.350500 0.118063 0.132404
0 0.194370 0.376256 0.118270 0.176167
0 0.437798 0.293949 0.107028 0.133886
3 0.722014 0.254658 0.139104 0.252125
0 0.703962 0.408709 0.127437 0.159017
0 0.713944 0.795262 0.140082 0.250825
0 0.946377 0.512814 0.106535 0.184698
0 0.154439 0.212151 0.092043 0.119461
0 0.334266 0.211167 0.098285 0.120682
0 0.113838 0.335872 0.105142 0.167801
0 0.477973 0.839400 0.465872 0.315530
0 0.098763 0.786044 0.196601 0.404874
0 0.027980 0.139570 0.055864 0.101121
0 0.881498 0.968224 0.172923 0.051927
0 0.018891 0.403889 0.037722 0.192384
2 0.476208 0.839929 0.461793 0.309349
0 0.019630 0.363396 0.039259 0.273627
