0 0.718770 0.778718 0.204228 0.299797
0 0.759580 0.423072 0.134003 0.170426
0 0.236748 0.695803 0.137001 0.224446
0 0.236473 0.427028 0.122139 0.164943
0 0.486656 0.315387 0.107670 0.136084
0 0.569978 0.627810 0.153581 0.231153
0 0.061938 0.444814 0.123876 0.190051
0 0.170449 0.205712 0.106987 0.129035
3 0.389963 0.791099 0.225269 0.393968
3 0.610915 0.261951 0.126504 0.185979
0 0.099699 0.784700 0.198360 0.407789
0 0.609945 0.260936 0.128197 0.186649
0 0.085736 0.345364 0.093252 0.102671
0 0.078907 0.324146 0.107700 0.142395
2 0.171462 0.095294 0.109030 0.183517
0 0.012187 0.366965 0.024097 0.110677
