0 0.929263 0.510918 0.140949 0.185147
0 0.303305 0.439687 0.128493 0.156864
0 0.761472 0.437148 0.131301 0.154184
0 0.638017 0.366518 0.118560 0.157478
0 0.507646 0.254704 0.105716 0.130588
0 0.321588 0.263423 0.099007 0.130969
0 0.083640 0.316154 0.109744 0.160385
0 0.177339 0.175774 0.090725 0.112802
3 0.883512 0.304971 0.147788 0.281008
0 0.720451 0.860101 0.169698 0.262037
0 0.099570 0.782878 0.199106 0.403402
0 0.097277 0.192434 0.085138 0.102813
0 0.923540 0.952034 0.150648 0.089324
0 0.026770 0.281988 0.053383 0.146501
2 0.414966 0.743838 0.438467 0.480457
3 0.414326 0.745247 0.439661 0.481457
0 0.040409 0.136738 0.076732 0.091030
