0 0.731556 0.827411 0.190779 0.263634
0 0.498811 0.316312 0.110703 0.132672
0 0.485719 0.571775 0.133258 0.203929
0 0.616312 0.359313 0.133181 0.159007
3 0.279307 0.488759 0.282261 0.715540
0 0.099867 0.783857 0.199342 0.406320
0 0.044543 0.380870 0.088416 0.194463
0 0.115964 0.548328 0.071460 0.186521
3 0.111088 0.150200 0.113078 0.197425
0 0.429174 0.912531 0.260850 0.158670
2 0.279234 0.493919 0.283209 0.726164
0 0.617242 0.281636 0.106818 0.129989
1 0.455966 0.675992 0.069081 0.209666
0 0.431514 0.939002 0.248671 0.111973
