0 0.204241 0.604406 0.143735 0.197046
0 0.390606 0.509881 0.130173 0.182091
3 0.112853 0.350435 0.225569 0.510841
0 0.919594 0.506086 0.144271 0.182546
0 0.607898 0.682249 0.158245 0.218336
0 0.311319 0.267684 0.101157 0.115623
0 0.767239 0.433997 0.134151 0.172338
0 0.489603 0.306477 0.117413 0.159474
0 0.663655 0.383203 0.112541 0.159566
0 0.618858 0.279474 0.109118 0.131034
0 0.099512 0.773770 0.199023 0.424864
0 0.920888 0.964515 0.156493 0.061140
0 0.243902 0.176410 0.080448 0.142468
3 0.240187 0.175357 0.086567 0.142226
