0 0.806785 0.853432 0.222297 0.278393
0 0.281353 0.775065 0.146495 0.244552
0 0.044175 0.413431 0.088350 0.146613
0 0.372258 0.276948 0.103359 0.132027
0 0.636442 0.704515 0.169223 0.249992
0 0.309662 0.471292 0.129109 0.176495
0 0.630803 0.368857 0.126272 0.155010
0 0.112902 0.493078 0.136419 0.200647
0 0.099918 0.784351 0.199236 0.406610
3 0.434865 0.833511 0.250843 0.315169
3 0.471610 0.226824 0.121531 0.176611
0 0.150737 0.376374 0.101573 0.106343
0 0.060909 0.170149 0.106086 0.113660
0 0.024976 0.285158 0.049835 0.107960
0 0.144828 0.351827 0.114621 0.155253
