0 0.027247 0.422009 0.054203 0.175988
0 0.961334 0.541389 0.076309 0.188316
0 0.128887 0.196232 0.108988 0.133543
0 0.302374 0.259578 0.095439 0.125619
0 0.643187 0.384171 0.120798 0.159070
0 0.289024 0.662928 0.155642 0.217904
0 0.384705 0.771473 0.145625 0.244426
0 0.480077 0.313235 0.097855 0.132490
0 0.346597 0.865478 0.177523 0.249878
0 0.309090 0.483436 0.124148 0.174781
0 0.099386 0.782856 0.198147 0.409031
3 0.771547 0.281005 0.145337 0.253559
0 0.336896 0.209722 0.086577 0.111934
0 0.576745 0.341272 0.111914 0.160463
0 0.580109 0.313380 0.114465 0.218347
0 0.030618 0.281915 0.061152 0.200369
