0 0.368255 0.482298 0.134145 0.170028
0 0.658936 0.391989 0.122326 0.146651
0 0.814417 0.458400 0.135175 0.177718
0 0.538566 0.328273 0.112847 0.147114
0 0.235949 0.236758 0.095948 0.123885
0 0.138727 0.344823 0.114800 0.165595
0 0.420692 0.231963 0.101476 0.125961
0 0.093828 0.159032 0.085714 0.107411
0 0.793465 0.907500 0.202047 0.172510
0 0.099499 0.786265 0.197685 0.403822
0 0.058064 0.311268 0.114143 0.148002
0 0.658932 0.722651 0.077568 0.219522
2 0.801969 0.275513 0.142711 0.264743
3 0.801356 0.276404 0.141987 0.267269
0 0.031522 0.170910 0.063043 0.095094
3 0.460829 0.786813 0.460564 0.399785
