0 0.239814 0.673531 0.143677 0.222984
0 0.511880 0.299795 0.117990 0.166721
0 0.152304 0.546316 0.122033 0.180537
0 0.800739 0.431351 0.138149 0.179312
0 0.642684 0.706984 0.187376 0.321620
0 0.229619 0.417700 0.111876 0.161801
0 0.360533 0.486123 0.136741 0.173649
0 0.974108 0.531598 0.050718 0.204434
0 0.468053 0.924078 0.216817 0.134281
3 0.426360 0.179798 0.192750 0.249097
3 0.095053 0.416329 0.157361 0.323604
0 0.100032 0.784083 0.200027 0.404100
2 0.093993 0.413657 0.158417 0.324835
0 0.022342 0.301593 0.044511 0.133767
3 0.455059 0.181845 0.135016 0.241525
0 0.207440 0.351794 0.070885 0.080822
