0 0.655215 0.724910 0.179024 0.226334
0 0.404205 0.901660 0.189711 0.165799
0 0.836219 0.886349 0.200845 0.220408
0 0.794412 0.444847 0.127838 0.174666
0 0.965763 0.396987 0.067384 0.163437
0 0.055309 0.455937 0.110440 0.165643
0 0.531245 0.327166 0.117193 0.155980
0 0.639799 0.290329 0.110191 0.136866
0 0.514019 0.605127 0.142544 0.208935
0 0.099178 0.779759 0.197586 0.412337
0 0.025694 0.281677 0.051176 0.121814
0 0.420702 0.288498 0.103875 0.153350
3 0.283058 0.560628 0.308751 0.637448
0 0.468882 0.239275 0.085085 0.109468
0 0.303761 0.233737 0.089921 0.069784
