0 0.773162 0.849711 0.192756 0.258408
0 0.289905 0.720965 0.179329 0.279054
0 0.867606 0.471616 0.139707 0.184109
0 0.130097 0.359595 0.107257 0.124372
0 0.073799 0.472527 0.124222 0.169543
0 0.271878 0.430754 0.126826 0.192105
0 0.416283 0.297441 0.100816 0.130524
0 0.231233 0.235793 0.093648 0.117210
0 0.826540 0.346031 0.114154 0.149954
0 0.100102 0.782027 0.199408 0.410999
0 0.441503 0.238726 0.097134 0.124255
0 0.123213 0.204707 0.097897 0.104068
3 0.637846 0.327240 0.155620 0.242778
0 0.201352 0.184399 0.083667 0.104673
0 0.638271 0.325665 0.154889 0.243125
