0 0.710241 0.794301 0.176741 0.246762
0 0.479419 0.314199 0.110073 0.142890
0 0.553739 0.615902 0.153075 0.200784
2 0.650674 0.196562 0.204497 0.365258
0 0.126914 0.520764 0.129095 0.185488
0 0.367499 0.496192 0.134391 0.181020
0 0.885124 0.930194 0.219394 0.130303
0 0.163797 0.204754 0.095158 0.099049
0 0.894966 0.493918 0.138536 0.176684
0 0.294316 0.734531 0.167251 0.251361
3 0.246429 0.360276 0.148508 0.284582
0 0.331480 0.879066 0.164570 0.233237
0 0.099592 0.781803 0.198746 0.410855
2 0.246265 0.360074 0.148596 0.280720
2 0.038997 0.272634 0.077638 0.421090
3 0.038834 0.273117 0.077541 0.422348
