0 0.571147 0.681130 0.173528 0.254938
0 0.394617 0.537517 0.133764 0.160480
0 0.289659 0.692789 0.158979 0.212536
0 0.235228 0.423464 0.121053 0.156780
3 0.084299 0.452403 0.136384 0.226214
0 0.469836 0.308671 0.112525 0.136485
0 0.671199 0.372660 0.125559 0.173188
0 0.972694 0.427280 0.053562 0.166881
3 0.771654 0.296472 0.144701 0.238430
3 0.279386 0.214779 0.132320 0.194058
0 0.438231 0.237824 0.096515 0.122965
0 0.099700 0.782036 0.199400 0.408657
0 0.021725 0.402815 0.043349 0.155980
0 0.279535 0.212868 0.132183 0.190770
0 0.090611 0.173047 0.090903 0.146463
0 0.430246 0.968244 0.171196 0.050350
0 0.097173 0.195951 0.075818 0.105761
0 0.090185 0.142083 0.089833 0.082202
