0 0.048486 0.456728 0.096968 0.176507
0 0.381794 0.909644 0.179874 0.167259
0 0.329607 0.739059 0.165600 0.227585
0 0.556710 0.350541 0.117640 0.152414
0 0.393863 0.280739 0.098508 0.113746
0 0.896844 0.497883 0.142376 0.174299
0 0.371883 0.527278 0.131616 0.190063
0 0.051848 0.177187 0.103619 0.132448
3 0.681257 0.255924 0.138534 0.240426
0 0.099682 0.781780 0.198727 0.410089
0 0.247934 0.189663 0.094653 0.111886
0 0.220715 0.226416 0.091408 0.101937
0 0.414621 0.843520 0.168344 0.248249
0 0.934642 0.394600 0.126170 0.168183
0 0.034639 0.301527 0.069206 0.125474
0 0.491383 0.308664 0.097547 0.146426
