0 0.719320 0.830243 0.181237 0.246914
0 0.125062 0.511855 0.128574 0.174219
0 0.944969 0.530346 0.109238 0.201689
0 0.853500 0.467533 0.122592 0.186298
0 0.494224 0.321637 0.111916 0.132536
0 0.399726 0.903340 0.180023 0.183330
0 0.244738 0.413410 0.112271 0.155591
0 0.429522 0.535308 0.134423 0.187770
0 0.304518 0.247581 0.107323 0.145312
0 0.099636 0.783153 0.198785 0.406787
0 0.676939 0.378452 0.131127 0.182912
0 0.825616 0.341137 0.119659 0.144022
0 0.183927 0.212740 0.095032 0.123527
0 0.147595 0.170452 0.058561 0.103923
3 0.406371 0.218027 0.113781 0.161258
0 0.406339 0.217566 0.113968 0.161893
0 0.060436 0.452974 0.120562 0.135446
