0 0.166226 0.554055 0.136510 0.189450
0 0.317025 0.457592 0.120120 0.167594
0 0.863343 0.482251 0.143467 0.186994
0 0.756283 0.424296 0.115240 0.171473
0 0.516159 0.600271 0.144244 0.202883
0 0.816977 0.898447 0.195676 0.187285
0 0.976070 0.555476 0.047277 0.194643
0 0.400933 0.293869 0.106592 0.125859
0 0.582345 0.338768 0.123538 0.170860
0 0.220445 0.216804 0.101786 0.126830
0 0.721737 0.309324 0.113821 0.134120
0 0.099264 0.783020 0.198528 0.404398
0 0.318176 0.196586 0.111984 0.152807
0 0.441812 0.952722 0.167865 0.085289
2 0.087063 0.315898 0.173916 0.485422
