0 0.769654 0.434512 0.126324 0.176308
0 0.257415 0.674256 0.156473 0.216435
0 0.608423 0.726023 0.179144 0.221768
0 0.283611 0.452285 0.125379 0.169837
0 0.625163 0.374343 0.123999 0.157916
0 0.432482 0.571132 0.145457 0.180644
0 0.338593 0.859143 0.186105 0.268212
0 0.966317 0.419544 0.066402 0.172294
0 0.481441 0.313532 0.109577 0.144745
0 0.760161 0.881601 0.200700 0.225475
0 0.184457 0.222670 0.096174 0.110865
0 0.763962 0.329668 0.112587 0.127731
0 0.106165 0.186187 0.091576 0.096628
0 0.099405 0.784365 0.197705 0.408389
0 0.500757 0.255390 0.102403 0.123590
0 0.028693 0.170569 0.057385 0.086776
0 0.032502 0.398843 0.064707 0.184048
0 0.316642 0.263529 0.092190 0.111197
3 0.032641 0.399178 0.065166 0.184233
0 0.343480 0.219228 0.138020 0.117786
0 0.366780 0.218334 0.091630 0.119156
0 0.991479 0.563521 0.016364 0.198552
