0 0.737953 0.864331 0.197167 0.256900
0 0.815955 0.443754 0.135417 0.173474
0 0.597308 0.672937 0.171108 0.223914
0 0.197193 0.383417 0.110707 0.146237
0 0.230128 0.231862 0.100658 0.122531
0 0.247056 0.694941 0.159943 0.244269
0 0.606166 0.353493 0.122638 0.157363
0 0.044336 0.458104 0.088543 0.171471
0 0.287769 0.611953 0.137085 0.205261
0 0.415401 0.289676 0.111024 0.147703
0 0.053102 0.183187 0.096434 0.102061
0 0.337226 0.478552 0.138654 0.178742
0 0.047319 0.305401 0.092389 0.129101
0 0.099428 0.783574 0.198251 0.407996
0 0.185654 0.173359 0.091706 0.125051
0 0.459065 0.952026 0.213782 0.091936
0 0.451809 0.242383 0.089436 0.130242
0 0.020606 0.138963 0.041178 0.102186
3 0.451313 0.241001 0.089955 0.130466
