0 0.507281 0.322271 0.119129 0.142778
0 0.387141 0.517106 0.136497 0.188499
0 0.705507 0.783652 0.186476 0.271666
0 0.165513 0.537242 0.141108 0.212062
0 0.085435 0.456437 0.109426 0.165721
0 0.099376 0.783408 0.198141 0.408740
0 0.262157 0.245325 0.098157 0.122902
0 0.329135 0.866655 0.163018 0.256371
0 0.977241 0.563530 0.044530 0.183554
0 0.064945 0.325482 0.098985 0.131464
0 0.209768 0.376504 0.124103 0.177882
3 0.478325 0.884247 0.277099 0.211968
0 0.902541 0.904184 0.194773 0.180228
3 0.337550 0.193855 0.113317 0.166666
0 0.476188 0.884147 0.275551 0.213194
0 0.337715 0.195183 0.113643 0.165717
0 0.217049 0.411023 0.105139 0.111866
