0 0.703108 0.395761 0.124709 0.176019
0 0.740324 0.885031 0.197460 0.220661
0 0.815729 0.344219 0.123907 0.149638
0 0.940893 0.514287 0.117335 0.186524
0 0.069839 0.445668 0.124840 0.161426
0 0.313103 0.776551 0.175247 0.247626
0 0.518889 0.325768 0.115085 0.153128
0 0.468468 0.556718 0.143729 0.196612
0 0.656716 0.297500 0.112735 0.142758
0 0.100174 0.786148 0.199356 0.404318
3 0.156693 0.141538 0.110441 0.176148
0 0.217088 0.402062 0.125117 0.162855
0 0.360912 0.225286 0.091973 0.121982
0 0.045628 0.170155 0.090923 0.108473
2 0.478120 0.876885 0.192348 0.234665
