0 0.573293 0.722954 0.169519 0.221659
0 0.219030 0.631794 0.150856 0.204868
0 0.297338 0.448485 0.125133 0.167643
0 0.937395 0.507630 0.124664 0.202774
0 0.747884 0.421393 0.133434 0.176024
0 0.205312 0.217259 0.097837 0.126966
0 0.064547 0.319161 0.098158 0.138685
0 0.798394 0.916747 0.196431 0.160969
0 0.532881 0.268750 0.099689 0.126404
0 0.051269 0.182687 0.096671 0.097708
0 0.100080 0.781908 0.199622 0.407278
3 0.321445 0.179570 0.117096 0.189767
0 0.837994 0.358085 0.113769 0.160351
0 0.014804 0.373467 0.029608 0.137778
0 0.969435 0.392620 0.060382 0.121465
3 0.365492 0.750888 0.186977 0.318722
0 0.027325 0.143499 0.054371 0.108257
