0 0.182945 0.566730 0.140783 0.187591
0 0.101657 0.343241 0.110396 0.138216
0 0.244157 0.241277 0.090349 0.114303
0 0.262014 0.438609 0.119494 0.140127
3 0.947489 0.351584 0.104315 0.248316
0 0.660662 0.382083 0.123497 0.153762
0 0.373533 0.863336 0.199901 0.254166
0 0.411597 0.535408 0.144478 0.220130
0 0.894831 0.463157 0.148094 0.203176
3 0.452069 0.264829 0.140609 0.212368
0 0.621940 0.287447 0.101813 0.133968
0 0.099837 0.784213 0.198647 0.408218
0 0.074740 0.185335 0.079119 0.091257
0 0.259314 0.195304 0.094503 0.119506
3 0.022789 0.373366 0.045433 0.203208
0 0.046966 0.149411 0.081465 0.100836
0 0.022923 0.374453 0.045527 0.202919
