0 0.424791 0.861484 0.178574 0.258251
0 0.299150 0.256963 0.102552 0.129801
0 0.651416 0.302606 0.111594 0.145093
0 0.301318 0.712198 0.160572 0.270435
0 0.499512 0.323353 0.110621 0.144444
0 0.804941 0.440576 0.127240 0.183326
0 0.211799 0.183647 0.096330 0.119396
0 0.516830 0.602666 0.139066 0.224223
0 0.029928 0.412185 0.059629 0.158479
0 0.962080 0.541655 0.074866 0.212980
3 0.677890 0.728072 0.225085 0.338528
0 0.058397 0.181772 0.096360 0.111107
0 0.812970 0.348386 0.126485 0.138397
0 0.099265 0.781007 0.198024 0.408357
0 0.977779 0.388657 0.043650 0.108914
0 0.029328 0.297837 0.058656 0.127719
0 0.023388 0.132200 0.046669 0.088178
