0 0.684900 0.802265 0.188420 0.239563
0 0.306753 0.740768 0.169835 0.229925
0 0.532034 0.337183 0.117361 0.142163
0 0.374223 0.902715 0.202166 0.184072
0 0.506314 0.636692 0.155765 0.194257
0 0.670213 0.397107 0.123126 0.154624
0 0.361300 0.500269 0.133506 0.177867
0 0.106327 0.198694 0.087760 0.101838
0 0.933184 0.505237 0.132827 0.198408
0 0.236460 0.240766 0.094844 0.121666
0 0.100466 0.782725 0.200288 0.409401
0 0.853723 0.937707 0.194508 0.116361
0 0.059925 0.438897 0.119277 0.196985
0 0.393230 0.283690 0.106236 0.128981
0 0.901528 0.378487 0.122161 0.164746
0 0.037810 0.165783 0.074857 0.091095
0 0.288945 0.197081 0.090829 0.113579
0 0.419809 0.234882 0.098447 0.121397
0 0.664017 0.300677 0.107112 0.123605
