0 0.793078 0.869011 0.190613 0.253781
0 0.658523 0.718515 0.169365 0.226835
0 0.835987 0.349994 0.120676 0.155013
0 0.389576 0.893107 0.186917 0.199246
0 0.479526 0.315304 0.116351 0.138171
0 0.726556 0.408051 0.129399 0.169408
0 0.506281 0.587849 0.159597 0.198163
0 0.975691 0.551752 0.048040 0.195839
0 0.602664 0.352444 0.118896 0.170016
0 0.325474 0.781893 0.177827 0.230944
0 0.387159 0.502480 0.109767 0.180966
0 0.100767 0.781429 0.200599 0.412998
3 0.211033 0.468723 0.257640 0.549083
0 0.655676 0.282586 0.100558 0.111429
0 0.056088 0.339249 0.071711 0.138269
0 0.011586 0.387346 0.023057 0.150572
0 0.008392 0.408380 0.016708 0.109067
