0 0.734191 0.423354 0.126620 0.171996
0 0.567663 0.345062 0.097149 0.143428
0 0.208973 0.216260 0.111318 0.136302
0 0.384484 0.282527 0.098039 0.133187
0 0.315670 0.792795 0.168878 0.259135
0 0.244228 0.601314 0.146217 0.199228
0 0.248590 0.441955 0.118256 0.169036
0 0.419132 0.232613 0.099198 0.118584
0 0.344917 0.709582 0.141846 0.222882
0 0.406203 0.933573 0.182454 0.124755
0 0.100030 0.782966 0.200061 0.404935
3 0.864101 0.311062 0.152289 0.267507
0 0.047154 0.172901 0.093992 0.090095
0 0.863950 0.309590 0.152241 0.267041
0 0.076143 0.147316 0.076916 0.108036
0 0.004947 0.412440 0.009894 0.123146
0 0.664003 0.370471 0.120391 0.172701
