0 0.589770 0.683921 0.168755 0.218338
0 0.794662 0.884871 0.206842 0.224863
0 0.855014 0.468949 0.144572 0.183282
0 0.538314 0.262437 0.106503 0.128493
0 0.627810 0.350109 0.119182 0.162103
0 0.333572 0.261470 0.108335 0.141117
0 0.176335 0.209854 0.100086 0.110304
0 0.755214 0.326908 0.117194 0.149527
0 0.296161 0.459702 0.125889 0.171509
0 0.046370 0.415312 0.092707 0.193394
3 0.213532 0.374123 0.141868 0.216715
0 0.052157 0.180840 0.098097 0.111175
0 0.119573 0.328179 0.078136 0.140579
0 0.099019 0.781921 0.198037 0.404474
