0 0.626908 0.736634 0.161944 0.226299
0 0.358894 0.852386 0.171991 0.257015
0 0.082772 0.463701 0.125447 0.170499
0 0.945742 0.513951 0.107708 0.192585
0 0.345952 0.479316 0.124318 0.175458
0 0.099329 0.783480 0.197961 0.408251
0 0.174969 0.369068 0.106346 0.148919
0 0.774767 0.418603 0.137872 0.195122
0 0.588739 0.358487 0.117385 0.143932
0 0.390648 0.270538 0.112413 0.145909
0 0.932364 0.378523 0.124197 0.155642
0 0.224645 0.187596 0.076690 0.111242
0 0.258474 0.238407 0.099793 0.137184
0 0.499183 0.243266 0.119920 0.164278
0 0.107066 0.188281 0.079297 0.106866
3 0.037320 0.258222 0.074641 0.404912
