0 0.190637 0.626634 0.124190 0.207229
0 0.845424 0.897913 0.218239 0.192930
0 0.896703 0.486387 0.147196 0.181650
0 0.633023 0.698937 0.188061 0.272351
0 0.165646 0.390729 0.115200 0.155184
0 0.607275 0.360602 0.116168 0.148814
0 0.286462 0.239428 0.113359 0.155305
0 0.100199 0.784538 0.199908 0.404457
0 0.505917 0.565349 0.133654 0.212622
3 0.748862 0.297579 0.134114 0.201827
3 0.341207 0.727617 0.210039 0.413253
0 0.032546 0.407102 0.064939 0.181191
0 0.748777 0.297358 0.134492 0.200867
3 0.206254 0.121115 0.194076 0.230451
0 0.478593 0.965372 0.146741 0.057666
