0 0.652214 0.804918 0.184389 0.242851
0 0.266265 0.699771 0.163581 0.226097
0 0.818156 0.445153 0.135133 0.191383
0 0.040692 0.406094 0.081244 0.152563
0 0.136049 0.360543 0.118611 0.148396
0 0.382608 0.500889 0.134349 0.179981
0 0.099401 0.783195 0.198331 0.405669
0 0.913297 0.377004 0.124582 0.156611
0 0.629585 0.369289 0.122912 0.161341
0 0.124613 0.195026 0.097206 0.122914
0 0.446968 0.246868 0.096155 0.123850
0 0.746134 0.324430 0.117149 0.151364
3 0.237365 0.158842 0.113951 0.183894
3 0.425577 0.831856 0.204543 0.324481
0 0.012135 0.168705 0.024181 0.085921
