0 0.733737 0.806671 0.195556 0.252975
0 0.893979 0.363339 0.123701 0.157117
0 0.057491 0.310173 0.105896 0.130011
0 0.585370 0.670994 0.152509 0.224523
0 0.690114 0.397719 0.119449 0.166445
0 0.541203 0.266002 0.106150 0.131486
0 0.094078 0.497545 0.128258 0.174402
0 0.443873 0.299538 0.106905 0.138968
0 0.224120 0.233657 0.104636 0.114856
0 0.330096 0.242485 0.109790 0.109355
0 0.099407 0.783195 0.198131 0.408523
0 0.444169 0.953952 0.173909 0.083152
3 0.323231 0.626413 0.333326 0.677709
0 0.378585 0.217544 0.087071 0.109869
0 0.484191 0.574451 0.037367 0.203451
0 0.907143 0.943610 0.184432 0.105272
