0 0.749914 0.858282 0.198480 0.257168
0 0.563772 0.272145 0.105822 0.136123
0 0.884158 0.496553 0.140516 0.183417
0 0.659314 0.381159 0.126613 0.156895
0 0.134922 0.494001 0.130892 0.214933
0 0.165661 0.208934 0.100244 0.118090
0 0.348072 0.214510 0.094516 0.118291
0 0.430075 0.282610 0.108057 0.144053
0 0.030765 0.174220 0.061530 0.107010
0 0.355340 0.560919 0.137134 0.194515
0 0.247565 0.413172 0.099146 0.164167
3 0.355267 0.461349 0.167099 0.244565
0 0.098830 0.783180 0.196602 0.408715
0 0.354770 0.458279 0.163343 0.238954
