0 0.494796 0.316158 0.117641 0.145053
0 0.949514 0.519909 0.100190 0.199807
0 0.772077 0.429658 0.120007 0.167470
0 0.291990 0.769484 0.169739 0.252611
0 0.391279 0.531126 0.140970 0.185869
0 0.136962 0.541119 0.139078 0.193434
0 0.625006 0.364655 0.118762 0.161122
0 0.044753 0.431051 0.089291 0.152659
0 0.765358 0.917369 0.185821 0.162093
0 0.269272 0.446109 0.128344 0.161175
0 0.100119 0.783338 0.199144 0.410390
0 0.924441 0.396768 0.119429 0.165959
0 0.083603 0.344465 0.098558 0.132407
3 0.180011 0.137623 0.114951 0.185173
1 0.493640 0.653591 0.056733 0.154903
0 0.379926 0.277259 0.104157 0.120769
0 0.114073 0.195772 0.095327 0.100724
0 0.789408 0.315102 0.101786 0.101834
0 0.037315 0.167643 0.074429 0.108690
0 0.380264 0.248249 0.104282 0.172380
0 0.787381 0.333728 0.110502 0.141633
3 0.788500 0.331663 0.108999 0.137790
