0 0.768750 0.891700 0.200194 0.208595
0 0.507916 0.318960 0.113988 0.143862
0 0.943773 0.390186 0.111704 0.159105
0 0.627522 0.776516 0.173732 0.249225
0 0.309924 0.452013 0.127266 0.169093
0 0.371640 0.269468 0.105540 0.130310
0 0.711120 0.400422 0.131385 0.182480
0 0.382681 0.775151 0.169780 0.284689
0 0.423793 0.930988 0.195733 0.128776
0 0.473361 0.579157 0.150356 0.191536
0 0.977869 0.526563 0.043214 0.226158
0 0.100921 0.781055 0.200640 0.411567
0 0.055139 0.309809 0.104751 0.132563
0 0.071599 0.189501 0.096556 0.097077
3 0.071904 0.189687 0.092654 0.099194
