0 0.081105 0.500189 0.121330 0.184815
0 0.940011 0.508518 0.119305 0.192374
0 0.472717 0.318534 0.116817 0.146742
0 0.802250 0.449869 0.134539 0.170930
0 0.099790 0.783147 0.198871 0.408259
0 0.380517 0.818997 0.181269 0.247510
0 0.438947 0.579341 0.138751 0.204181
0 0.834026 0.357237 0.115522 0.155865
3 0.594415 0.232040 0.133556 0.230886
0 0.311035 0.259222 0.091415 0.114834
0 0.450180 0.898984 0.172827 0.195196
0 0.142958 0.201796 0.087073 0.091520
0 0.079269 0.337010 0.110963 0.136566
0 0.166886 0.170716 0.085835 0.109503
0 0.412692 0.959620 0.154829 0.075407
0 0.413517 0.280247 0.092380 0.145037
0 0.014850 0.283709 0.029428 0.121773
