0 0.216413 0.633950 0.146404 0.200647
0 0.331427 0.477236 0.133716 0.176648
0 0.230891 0.410694 0.123152 0.151714
0 0.148403 0.550778 0.138394 0.184031
0 0.472066 0.561939 0.141452 0.199650
3 0.744541 0.825855 0.246736 0.327060
0 0.852572 0.470951 0.141420 0.181877
0 0.172416 0.171033 0.080228 0.101126
2 0.077617 0.326468 0.154740 0.434755
0 0.100190 0.782143 0.200321 0.407460
0 0.968901 0.526978 0.061659 0.231040
0 0.166159 0.344836 0.042708 0.122690
0 0.943208 0.895738 0.111261 0.201926
3 0.078157 0.325267 0.155613 0.436985
