0 0.274547 0.727546 0.156446 0.241820
0 0.469823 0.312401 0.102637 0.142364
0 0.660308 0.381890 0.097946 0.158343
0 0.193398 0.547329 0.143372 0.185655
0 0.828936 0.468430 0.134226 0.186939
3 0.939144 0.339976 0.121372 0.280299
0 0.366245 0.890099 0.181535 0.205284
0 0.508569 0.256775 0.096972 0.122440
0 0.744850 0.412335 0.115532 0.186350
0 0.100171 0.782247 0.200341 0.407848
0 0.189111 0.404412 0.115254 0.155823
0 0.291627 0.242422 0.116327 0.152110
0 0.314589 0.645188 0.118056 0.203606
0 0.128902 0.201431 0.104108 0.114294
0 0.781195 0.313556 0.113317 0.125337
0 0.157501 0.166897 0.079204 0.113311
