0 0.865751 0.472146 0.140935 0.192705
0 0.336490 0.849075 0.179360 0.271640
0 0.674018 0.389768 0.113646 0.156449
0 0.176981 0.591528 0.148273 0.206727
0 0.458126 0.585421 0.148253 0.197059
0 0.538073 0.329664 0.111972 0.151292
0 0.415047 0.288464 0.113803 0.133099
0 0.330500 0.491421 0.134271 0.170197
0 0.838420 0.363150 0.117904 0.151020
0 0.148476 0.379801 0.113814 0.140685
0 0.074913 0.473264 0.127923 0.172038
0 0.100239 0.782795 0.199216 0.412350
0 0.025005 0.302226 0.049904 0.132759
0 0.977873 0.569015 0.043721 0.206921
0 0.704276 0.307606 0.113445 0.133471
3 0.102538 0.121260 0.112367 0.182800
1 0.573375 0.735814 0.058773 0.155745
0 0.301515 0.222973 0.096911 0.155166
0 0.044350 0.181891 0.088585 0.105420
0 0.301950 0.201391 0.094771 0.108793
