0 0.269640 0.701850 0.155551 0.222263
0 0.952330 0.516490 0.094634 0.222274
0 0.187346 0.382443 0.109912 0.153179
0 0.784568 0.442541 0.130821 0.160291
0 0.451876 0.580474 0.138384 0.189921
0 0.564570 0.330299 0.120858 0.170193
0 0.133932 0.167885 0.090893 0.109364
0 0.022153 0.393501 0.044112 0.149869
0 0.691257 0.293641 0.128109 0.185257
0 0.099233 0.783062 0.198058 0.405860
0 0.039576 0.301602 0.078757 0.131018
0 0.424309 0.291878 0.103284 0.148241
0 0.400062 0.232457 0.083903 0.123243
0 0.265766 0.240552 0.098175 0.125539
0 0.017782 0.173862 0.035563 0.094728
