0 0.632303 0.787714 0.166848 0.249050
0 0.664479 0.381789 0.127623 0.164920
0 0.260021 0.440757 0.126756 0.168970
0 0.210125 0.637472 0.148477 0.220397
0 0.792816 0.443536 0.129230 0.177040
0 0.056554 0.458712 0.112642 0.177145
0 0.544545 0.342902 0.114414 0.137993
0 0.955972 0.512704 0.086988 0.215888
0 0.246180 0.240337 0.096618 0.115871
0 0.159228 0.373413 0.106362 0.137503
0 0.100138 0.781401 0.200267 0.409191
0 0.087223 0.188508 0.079738 0.095290
0 0.182309 0.206953 0.080167 0.109059
3 0.338375 0.171586 0.121672 0.203444
0 0.548829 0.262306 0.115276 0.115918
0 0.958714 0.399533 0.081598 0.153408
0 0.154266 0.175797 0.070910 0.124758
0 0.545496 0.307980 0.117029 0.206949
1 0.351977 0.542463 0.047796 0.118141
