0 0.243573 0.412090 0.121693 0.157501
0 0.597318 0.353254 0.120715 0.153014
0 0.401094 0.520746 0.141644 0.179752
0 0.811291 0.441656 0.138329 0.199280
0 0.449495 0.297279 0.108246 0.138160
0 0.705372 0.833486 0.172088 0.250303
0 0.556669 0.706671 0.164102 0.237582
0 0.337938 0.713030 0.160980 0.272030
0 0.141930 0.207547 0.087428 0.092685
0 0.024596 0.172146 0.049192 0.104892
0 0.911564 0.942028 0.176210 0.110318
0 0.101790 0.783557 0.202356 0.410527
0 0.393148 0.827633 0.156258 0.095650
0 0.451378 0.928838 0.489525 0.132213
