2 0.063110 0.264647 0.126151 0.493305
0 0.711691 0.829094 0.192573 0.249494
0 0.400351 0.896938 0.176054 0.196443
0 0.818514 0.353381 0.116339 0.156442
0 0.289764 0.243573 0.098305 0.129910
0 0.545123 0.690095 0.172186 0.224649
0 0.139283 0.197569 0.041420 0.116760
0 0.975653 0.535900 0.048131 0.206566
0 0.099286 0.782448 0.197614 0.409728
3 0.332874 0.703899 0.232075 0.456831
0 0.349993 0.444716 0.133020 0.090112
0 0.534846 0.576622 0.134311 0.140672
0 0.535282 0.550106 0.137580 0.088261
0 0.529781 0.601724 0.140338 0.191396
