0 0.747083 0.802903 0.184235 0.246241
0 0.363139 0.861597 0.178000 0.256602
0 0.884425 0.917502 0.195723 0.154846
0 0.627811 0.364127 0.122705 0.159984
0 0.509842 0.317177 0.117671 0.162354
0 0.904924 0.497592 0.135452 0.184149
0 0.738484 0.318921 0.116042 0.146387
0 0.447928 0.549667 0.133193 0.195526
0 0.580847 0.650082 0.167734 0.212976
0 0.031276 0.420049 0.062429 0.156161
0 0.429054 0.937964 0.176143 0.112158
0 0.100262 0.779599 0.199130 0.414823
0 0.396976 0.285932 0.095317 0.129982
0 0.562950 0.273434 0.093166 0.139228
2 0.249030 0.519240 0.279057 0.587830
