0 0.710405 0.841045 0.181889 0.222801
0 0.218107 0.401923 0.117377 0.158209
0 0.174311 0.571735 0.147157 0.192934
0 0.498771 0.642431 0.155572 0.207005
3 0.307360 0.676377 0.175470 0.292545
0 0.874514 0.479356 0.145157 0.191207
0 0.618613 0.295795 0.101153 0.135837
0 0.289059 0.243612 0.101849 0.133642
3 0.406989 0.198355 0.120443 0.202732
0 0.127036 0.206304 0.096055 0.104150
0 0.099945 0.783505 0.198766 0.409752
0 0.494819 0.962635 0.160537 0.069275
0 0.909173 0.384421 0.120241 0.146243
0 0.094501 0.160202 0.079731 0.110044
0 0.017696 0.289154 0.035283 0.131967
0 0.952119 0.428356 0.040121 0.095595
