0 0.185665 0.580595 0.138130 0.194799
0 0.293396 0.205335 0.095034 0.120128
0 0.300261 0.466826 0.117243 0.167453
0 0.747819 0.407592 0.134532 0.190406
0 0.042822 0.308895 0.085523 0.137638
0 0.845085 0.890155 0.209424 0.207173
0 0.148923 0.209969 0.096131 0.107236
0 0.958220 0.526874 0.082514 0.208834
0 0.099728 0.782335 0.199456 0.406584
0 0.894875 0.363341 0.143325 0.204895
0 0.472846 0.945717 0.182908 0.102133
3 0.894919 0.362860 0.144425 0.206938
0 0.594871 0.356234 0.119229 0.164458
0 0.432997 0.296025 0.103166 0.136537
0 0.593302 0.276041 0.111386 0.124433
