0 0.768606 0.867658 0.211070 0.249791
0 0.519727 0.644517 0.152751 0.215681
0 0.375551 0.269282 0.108707 0.132184
0 0.943410 0.516810 0.112395 0.191411
0 0.295737 0.439931 0.127058 0.168265
0 0.181590 0.173867 0.097027 0.112630
0 0.435022 0.532340 0.149198 0.232137
1 0.263524 0.759783 0.063240 0.170870
0 0.100940 0.785129 0.201127 0.408386
0 0.141444 0.535639 0.161445 0.252094
3 0.808727 0.360948 0.170553 0.313467
3 0.040598 0.244927 0.081075 0.472933
2 0.041233 0.224610 0.082379 0.425478
0 0.060893 0.503233 0.056158 0.159143
