0 0.373149 0.272200 0.107937 0.132693
0 0.244500 0.700568 0.146653 0.216178
0 0.732417 0.412677 0.117930 0.170260
0 0.864612 0.929985 0.194432 0.137283
0 0.042229 0.418391 0.084441 0.158632
0 0.464135 0.855289 0.549256 0.265919
0 0.552738 0.325305 0.130594 0.173553
0 0.938496 0.507556 0.115294 0.190412
0 0.682161 0.758961 0.159914 0.221070
0 0.161760 0.554885 0.138852 0.203634
0 0.172280 0.198401 0.108192 0.152249
0 0.781366 0.332948 0.116355 0.143132
0 0.414981 0.228992 0.087023 0.130523
0 0.037742 0.295076 0.074729 0.106811
0 0.096206 0.784324 0.192412 0.405778
