0 0.590560 0.355258 0.120067 0.148262
0 0.719134 0.399507 0.140765 0.164469
0 0.074959 0.507501 0.077315 0.172015
0 0.661672 0.751729 0.177632 0.243236
0 0.431379 0.522361 0.119867 0.194041
0 0.399861 0.286281 0.083294 0.136626
0 0.100550 0.780878 0.199947 0.412784
0 0.858291 0.898614 0.217476 0.192619
0 0.389774 0.867694 0.244755 0.246179
0 0.721733 0.296964 0.109692 0.111036
2 0.242490 0.425525 0.278193 0.708571
3 0.238630 0.425726 0.271817 0.708622
0 0.016079 0.378935 0.032046 0.125362
3 0.389849 0.864275 0.249366 0.252536
