0 0.735759 0.801828 0.183327 0.252270
0 0.215542 0.583666 0.147940 0.189293
0 0.143766 0.362128 0.108898 0.143623
0 0.379880 0.273533 0.107655 0.137700
0 0.213376 0.226718 0.101364 0.120562
0 0.600507 0.356437 0.126093 0.144131
0 0.475182 0.557504 0.151306 0.194598
0 0.559416 0.267060 0.106288 0.132719
0 0.946725 0.535438 0.105894 0.189552
0 0.125912 0.167454 0.081468 0.108582
0 0.028428 0.288005 0.056856 0.148089
0 0.413356 0.230722 0.094200 0.123134
0 0.099933 0.782998 0.199866 0.404946
0 0.443406 0.963432 0.160119 0.066458
