0 0.841001 0.894750 0.221786 0.194447
0 0.554342 0.645948 0.168216 0.216188
0 0.377328 0.900415 0.196727 0.189743
0 0.175301 0.602068 0.132355 0.201244
0 0.099245 0.494326 0.130446 0.189126
0 0.252781 0.409792 0.117319 0.152882
0 0.403332 0.516694 0.132084 0.182052
0 0.897049 0.485282 0.141268 0.187073
0 0.433623 0.825209 0.170100 0.259433
0 0.521571 0.320238 0.116608 0.147319
0 0.316027 0.259003 0.103635 0.126880
0 0.154381 0.204921 0.098873 0.108841
0 0.082178 0.327808 0.114570 0.141949
0 0.100157 0.784857 0.199107 0.407921
0 0.187537 0.174998 0.085400 0.115668
