0 0.348997 0.814947 0.183898 0.290086
0 0.695575 0.794465 0.184890 0.253066
0 0.879323 0.476419 0.142191 0.182953
0 0.290302 0.657945 0.141670 0.212017
0 0.155430 0.516545 0.142151 0.185194
0 0.100019 0.784186 0.198928 0.408354
0 0.503555 0.324800 0.118536 0.130236
0 0.033852 0.313127 0.067703 0.130105
0 0.975187 0.413627 0.049067 0.197640
0 0.502510 0.569041 0.156527 0.231466
0 0.309452 0.470418 0.123422 0.168626
0 0.214758 0.386386 0.121726 0.184613
0 0.072569 0.185899 0.095640 0.096033
3 0.214927 0.386280 0.121946 0.184380
